1 0.329210 0.434227 0.008708 0.009253
4 0.182952 0.144414 0.013022 0.028009
4 0.192036 0.142369 0.018167 0.033044
4 0.202012 0.160856 0.010186 0.011802
4 0.198757 0.137097 0.017117 0.025961
4 0.207997 0.135838 0.016908 0.028479
4 0.216766 0.133635 0.017852 0.035088
4 0.224432 0.128758 0.015122 0.030998
4 0.241759 0.107122 0.033814 0.023915
4 0.251683 0.119159 0.019637 0.033514
4 0.266856 0.111292 0.024783 0.046101
4 0.272160 0.121834 0.018798 0.031942
4 0.309955 0.078347 0.027609 0.042296
4 0.326778 0.086843 0.016898 0.028699
4 0.475166 0.003960 0.016004 0.007919
4 0.490659 0.009435 0.039959 0.018870
4 0.516807 0.021797 0.042353 0.033044
4 0.522730 0.028122 0.039833 0.037384
4 0.533504 0.032181 0.028114 0.027380
4 0.539049 0.035958 0.027106 0.030022
4 0.545853 0.040489 0.028114 0.028888
4 0.549444 0.049186 0.031029 0.031266
4 0.563212 0.057596 0.027976 0.036063
4 0.574302 0.060711 0.017894 0.032854
4 0.579279 0.064299 0.018272 0.033231
4 0.587785 0.066093 0.018145 0.033799
4 0.596669 0.065904 0.017012 0.028510
4 0.600260 0.076289 0.024447 0.040594
0 0.210925 0.392003 0.239990 0.145456
0 0.556081 0.612205 0.110558 0.149495
0 0.732703 0.540488 0.129433 0.143434
0 0.895844 0.206145 0.051234 0.193939
0 0.589113 0.767761 0.098424 0.109092
0 0.511134 0.085031 0.039012 0.087683
0 0.126583 0.859465 0.063967 0.054499
0 0.312767 0.592939 0.245452 0.220829
6 0.627303 0.553158 0.094280 0.163998
3 0.050670 0.140860 0.021625 0.040784
3 0.075394 0.132590 0.024497 0.043278
3 0.026929 0.153095 0.024648 0.046675
3 0.101101 0.124886 0.016030 0.033306
3 0.243094 0.068015 0.015424 0.037838
3 0.265096 0.053967 0.017088 0.035572
3 0.289063 0.041393 0.015121 0.035346
3 0.311368 0.028816 0.018599 0.041464
3 0.335789 0.022848 0.025103 0.045696
3 0.391664 0.015712 0.015878 0.031423
3 0.428637 0.049775 0.015727 0.040332
3 0.443078 0.057252 0.011039 0.035346
3 0.455780 0.064502 0.011038 0.040784
3 0.469390 0.070847 0.014668 0.047581
3 0.484058 0.077985 0.014365 0.038746
3 0.628513 0.016528 0.017768 0.031720
3 0.645147 0.018512 0.014239 0.034931
3 0.659764 0.023798 0.016257 0.035686
3 0.591379 0.119090 0.020688 0.041600
3 0.626038 0.126975 0.023590 0.039426
3 0.657521 0.199707 0.022319 0.042960
3 0.703057 0.312831 0.010234 0.035564
3 0.699573 0.296518 0.000654 0.002938
3 0.682598 0.318219 0.011467 0.046071
7 0.608716 0.349636 0.108897 0.091356
7 0.280562 0.548171 0.225803 0.161248
1 0.444121 0.545077 0.008620 0.012235
1 0.454026 0.570567 0.010584 0.019713
1 0.478594 0.630765 0.009704 0.015859
1 0.484201 0.643794 0.006804 0.012840
1 0.490880 0.659183 0.009325 0.018316
1 0.500646 0.684201 0.006931 0.014351
1 0.513147 0.713882 0.008318 0.013783
1 0.517935 0.727194 0.006806 0.012083
1 0.501679 0.741166 0.007560 0.014351
3 0.061149 0.260856 0.020717 0.032400
3 0.094643 0.236839 0.016936 0.022885
3 0.114907 0.231288 0.012702 0.023113
3 0.130179 0.219279 0.020565 0.025831
3 0.145755 0.210896 0.013912 0.027643
3 0.163599 0.199566 0.017239 0.024923
3 0.180837 0.196961 0.016332 0.021979
3 0.198228 0.191750 0.013610 0.014273
3 0.214937 0.182346 0.018298 0.020845
3 0.229529 0.173737 0.014518 0.031268
3 0.267183 0.157876 0.013912 0.024925
3 0.282758 0.147000 0.015424 0.019485
3 0.296821 0.137824 0.012098 0.021071
3 0.315421 0.132612 0.013610 0.025603
3 0.329937 0.126835 0.015727 0.029908
3 0.340371 0.120264 0.013307 0.029456
3 0.284047 0.288182 0.016488 0.027850
3 0.301846 0.279291 0.012812 0.025804
3 0.315865 0.284012 0.012707 0.025491
3 0.010023 0.572100 0.019910 0.047205
3 0.033147 0.564359 0.029109 0.050603
3 0.056459 0.548404 0.025582 0.041352
3 0.081221 0.546422 0.022431 0.043805
3 0.102707 0.531033 0.021296 0.035686
3 0.139817 0.504221 0.030243 0.045882
3 0.161744 0.494497 0.016382 0.043807
3 0.185071 0.484625 0.032482 0.047309
3 0.228350 0.462058 0.027583 0.042687
3 0.251668 0.453630 0.017602 0.050301
3 0.270267 0.446559 0.014518 0.042687
3 0.292042 0.434597 0.014880 0.041600
3 0.417911 0.432314 0.012412 0.032628
3 0.432827 0.433292 0.012194 0.032626
3 0.453514 0.433129 0.019598 0.040130
3 0.466796 0.417305 0.013936 0.031975
3 0.482800 0.411105 0.016332 0.045680
3 0.499677 0.389409 0.009147 0.020556
3 0.517315 0.400012 0.016550 0.039153
3 0.530520 0.371827 0.011867 0.032885
2 0.840698 0.080376 0.002844 0.005572
2 0.843067 0.082341 0.002042 0.006010
2 0.846459 0.080976 0.002115 0.005682
2 0.854335 0.069121 0.001531 0.005574
2 0.857507 0.116762 0.002625 0.006228
2 0.917005 0.099267 0.002698 0.005244
2 0.922260 0.100852 0.001823 0.005311
2 0.926260 0.108554 0.001621 0.004933
2 0.927931 0.109009 0.001216 0.005086
2 0.958854 0.156812 0.004436 0.008559
2 0.932543 0.254737 0.002889 0.007866
2 0.943088 0.242019 0.003326 0.006557
2 0.933462 0.263326 0.002274 0.007213
2 0.938407 0.273356 0.002363 0.006293
2 0.940594 0.273093 0.001663 0.007343
2 0.953983 0.270078 0.002012 0.006557
2 0.958140 0.255721 0.002802 0.006950
2 0.959759 0.258736 0.001662 0.006425
2 0.961553 0.254278 0.002274 0.005637
2 0.978355 0.234086 0.003149 0.005114
2 0.981330 0.243789 0.001750 0.006950
2 0.998022 0.299447 0.001679 0.005979
2 0.934684 0.540975 0.003629 0.011555
2 0.905952 0.548000 0.004234 0.007930
2 0.902777 0.555816 0.003024 0.005892
2 0.911851 0.558083 0.003024 0.008158
2 0.899224 0.576322 0.004687 0.006570
2 0.842820 0.578701 0.004385 0.007704
1 0.065096 0.034889 0.011644 0.008158
1 0.107740 0.017329 0.009224 0.007932
1 0.126944 0.013024 0.013761 0.010649
1 0.143956 0.003510 0.008469 0.007020
1 0.111596 0.123864 0.007788 0.005900
1 0.119560 0.125306 0.007438 0.006688
1 0.127654 0.117176 0.010852 0.007211
1 0.107133 0.139336 0.005514 0.011409
1 0.114615 0.136779 0.005076 0.009442
1 0.119603 0.134615 0.005951 0.009047
1 0.131811 0.129895 0.004989 0.010621
1 0.136800 0.127273 0.004988 0.008259
1 0.140999 0.125503 0.004463 0.009442
1 0.146601 0.122094 0.006739 0.011537
1 0.156003 0.104655 0.006836 0.009180
1 0.156397 0.118620 0.003772 0.010358
1 0.162090 0.115866 0.006913 0.006162
1 0.166465 0.114882 0.005338 0.009178
1 0.163923 0.101900 0.007272 0.008654
1 0.172499 0.097639 0.007622 0.009835
1 0.171843 0.110031 0.004385 0.010489
1 0.178454 0.109047 0.005687 0.009047
1 0.182698 0.107671 0.004901 0.008392
1 0.187030 0.103868 0.004639 0.008131
1 0.181604 0.093640 0.007963 0.006555
1 0.189655 0.090494 0.008489 0.007604
1 0.191406 0.103212 0.004988 0.008129
1 0.195869 0.100393 0.005863 0.009833
1 0.202694 0.099082 0.005163 0.008261
1 0.207200 0.096460 0.005776 0.009833
1 0.212101 0.094427 0.005425 0.010226
1 0.208951 0.081708 0.008576 0.005770
1 0.219365 0.076464 0.009102 0.008392
1 0.224221 0.088658 0.004462 0.004458
1 0.228335 0.087346 0.005863 0.011016
1 0.232360 0.084265 0.004989 0.009572
1 0.241234 0.082494 0.005807 0.009788
1 0.248299 0.078931 0.005408 0.007467
1 0.270176 0.069826 0.005773 0.009106
1 0.274978 0.066411 0.004923 0.007557
1 0.280416 0.064681 0.005712 0.008650
1 0.286675 0.061904 0.005348 0.008559
1 0.275429 0.053617 0.007663 0.008377
1 0.283846 0.049247 0.007845 0.009833
1 0.301109 0.054483 0.005043 0.009743
1 0.305970 0.053981 0.005043 0.009106
1 0.301744 0.041462 0.006933 0.007740
1 0.310315 0.052297 0.006076 0.008105
1 0.360414 0.025665 0.007147 0.010381
1 0.867844 0.080374 0.008622 0.008813
1 0.929702 0.045678 0.008401 0.008339
1 0.952594 0.038047 0.008402 0.008182
1 0.912217 0.031439 0.008086 0.010700
1 0.982575 0.041745 0.009136 0.010228
1 0.872711 0.321596 0.007876 0.008522
1 0.881900 0.322689 0.003939 0.011364
1 0.857835 0.331485 0.005251 0.014969
1 0.923635 0.667124 0.013637 0.013768
1 0.995732 0.992498 0.008537 0.013595
1 0.971139 0.935672 0.011613 0.023925
1 0.956168 0.901413 0.008891 0.019577
1 0.936118 0.871504 0.008346 0.017402
1 0.936553 0.856469 0.011976 0.020556
1 0.910779 0.795750 0.007666 0.016993
1 0.861074 0.612425 0.009539 0.011539
1 0.863997 0.546558 0.008751 0.013548
1 0.857251 0.533064 0.009261 0.014532
1 0.804244 0.447038 0.009556 0.012903
1 0.778988 0.395901 0.008192 0.012901
1 0.763026 0.367106 0.007770 0.013846
1 0.756148 0.355856 0.007666 0.012746
1 0.757829 0.345393 0.006826 0.010700
1 0.748745 0.343111 0.006300 0.012117
1 0.746014 0.326354 0.009240 0.011014
1 0.742969 0.332410 0.005251 0.009283
1 0.735671 0.332175 0.007246 0.011956
1 0.735566 0.320925 0.006825 0.011802
1 0.727060 0.319746 0.008086 0.012903
1 0.728635 0.302043 0.007876 0.010857
1 0.723227 0.305190 0.008190 0.012429
1 0.703898 0.214000 0.008459 0.008632
1 0.694381 0.219463 0.009262 0.009943
1 0.698246 0.225527 0.008970 0.007211
1 0.616694 0.307096 0.010500 0.006338
1 0.620414 0.309500 0.008751 0.007649
1 0.604334 0.312231 0.010575 0.006775
1 0.592228 0.320864 0.007948 0.006993
1 0.599120 0.324251 0.009772 0.007431
1 0.581143 0.326765 0.010865 0.006555
1 0.569694 0.334741 0.009261 0.007866
1 0.579758 0.336161 0.008533 0.008524
1 0.556641 0.348072 0.012470 0.010489
1 0.573596 0.289395 0.009042 0.007211
1 0.556130 0.302179 0.008678 0.007649
1 0.548656 0.308954 0.009626 0.008522
1 0.539795 0.313597 0.008823 0.006665
1 0.532138 0.320154 0.008678 0.009070
1 0.523715 0.324470 0.009334 0.008960
1 0.515329 0.329223 0.009187 0.009945
1 0.443700 0.372485 0.010586 0.009253
1 0.411126 0.390799 0.009451 0.007364
1 0.400541 0.395803 0.012728 0.011708
1 0.370612 0.425919 0.011088 0.009253
1 0.371620 0.458772 0.011088 0.011140
1 0.403250 0.466042 0.008318 0.013974
1 0.409298 0.478032 0.007308 0.015295
1 0.414969 0.492571 0.007561 0.009629
1 0.328019 0.448483 0.018902 0.012085
1 0.308544 0.451503 0.011480 0.009440
1 0.319319 0.438003 0.007069 0.012651
1 0.310497 0.443291 0.008834 0.010385
1 0.299975 0.448766 0.008708 0.010761
1 0.287878 0.455374 0.009715 0.013406
1 0.277734 0.461322 0.010851 0.012083
1 0.259524 0.470480 0.010723 0.012651
1 0.247679 0.477088 0.010471 0.013027
1 0.235582 0.483130 0.009716 0.013785
1 0.225564 0.488039 0.009337 0.015672
1 0.204771 0.499180 0.009338 0.015293
1 0.191855 0.505883 0.011228 0.014351
1 0.180891 0.511736 0.009212 0.012461
1 0.144978 0.543740 0.010724 0.014161
1 0.103897 0.554502 0.010724 0.010385
1 0.070377 0.577916 0.011732 0.012274
1 0.065526 0.572535 0.009842 0.012838
1 0.056453 0.592927 0.008077 0.011329
1 0.035849 0.589434 0.013245 0.012651
1 0.006993 0.618134 0.011732 0.014917
1 0.007438 0.604237 0.014875 0.016050
1 0.175469 0.716930 0.009276 0.016914
1 0.180370 0.734369 0.009276 0.016914
1 0.199622 0.801044 0.008052 0.012325
1 0.215374 0.788719 0.007876 0.012850
1 0.219925 0.802617 0.009451 0.014424
1 0.224694 0.819205 0.008663 0.016651
1 0.204086 0.816124 0.008750 0.013636
1 0.234233 0.852969 0.009189 0.017571
1 0.239353 0.870343 0.009276 0.018227
1 0.244296 0.888765 0.008312 0.016521
1 0.229113 0.904565 0.007175 0.014554
1 0.283763 0.905156 0.013039 0.011802
1 0.297060 0.896829 0.009548 0.014029
1 0.309224 0.889224 0.013223 0.014292
1 0.336090 0.874014 0.012698 0.014294
1 0.367681 0.854936 0.010772 0.013638
1 0.380501 0.847724 0.011211 0.012590
1 0.393409 0.839726 0.010598 0.014424
1 0.415374 0.826613 0.012698 0.017307
1 0.453397 0.805240 0.009459 0.012590
1 0.463531 0.799091 0.009670 0.013402
1 0.474086 0.792467 0.010727 0.012565
1 0.187056 0.960908 0.010675 0.012325
1 0.174105 0.967923 0.012251 0.014292
1 0.159578 0.976709 0.011376 0.015079
1 0.269534 0.964646 0.009014 0.016914
1 0.274478 0.982150 0.009451 0.016783
1 0.330966 0.969956 0.013913 0.009180
1 0.317752 0.977102 0.013390 0.007999
1 0.440147 0.901755 0.013231 0.009629
1 0.417276 0.914593 0.015878 0.011140
1 0.438130 0.936402 0.010207 0.018125
1 0.480030 0.876925 0.010837 0.011329
1 0.530183 0.879663 0.008065 0.014917
1 0.518275 0.886837 0.009955 0.016806
1 0.638836 0.700511 0.010299 0.011555
1 0.650627 0.694780 0.010827 0.012431
1 0.668847 0.686284 0.009882 0.012115
1 0.680031 0.680069 0.010827 0.014161
1 0.691057 0.674640 0.010826 0.012744
1 0.702556 0.669920 0.010092 0.012746
1 0.722928 0.658669 0.010092 0.011958
1 0.717677 0.669998 0.011982 0.009756
1 0.780789 0.645374 0.009251 0.009912
1 0.768555 0.652140 0.005996 0.008339
4 0.058644 0.203114 0.015052 0.040254
4 0.029236 0.190854 0.027486 0.018882
4 0.032868 0.198394 0.027924 0.017964
4 0.033962 0.206589 0.030111 0.020719
4 0.034268 0.216160 0.033175 0.021767
4 0.043807 0.230388 0.034399 0.020063
4 0.104876 0.160620 0.027827 0.023288
4 0.119945 0.182806 0.009240 0.015421
4 0.124671 0.180524 0.008401 0.014004
4 0.135382 0.189336 0.033185 0.028164
4 0.149033 0.162666 0.014702 0.026435
4 0.161845 0.157316 0.021003 0.033988
4 0.170351 0.152123 0.018902 0.032414
