2 0.301495 0.777696 0.004064 0.006851
2 0.376925 0.740636 0.002499 0.006057
2 0.363770 0.746913 0.003380 0.005837
2 0.353482 0.747574 0.002940 0.006276
2 0.020584 0.511232 0.002539 0.007040
2 0.025028 0.522364 0.002539 0.004947
1 0.829122 0.670817 0.011060 0.018939
1 0.831084 0.645960 0.004503 0.014994
1 0.822276 0.698239 0.004739 0.016967
1 0.745122 0.656810 0.009480 0.014597
1 0.750783 0.671606 0.007637 0.011836
1 0.755642 0.684626 0.007925 0.014994
1 0.899651 0.855005 0.010539 0.009135
1 0.900858 0.862046 0.011683 0.007231
1 0.902572 0.870037 0.010541 0.008371
1 0.904540 0.876792 0.013461 0.011987
1 0.906953 0.893251 0.012700 0.009133
1 0.910446 0.907426 0.010285 0.008943
2 0.227087 0.465566 0.002557 0.006608
2 0.218092 0.458166 0.002910 0.005285
2 0.219062 0.464707 0.002910 0.004625
2 0.220517 0.469133 0.002292 0.005814
2 0.196133 0.461007 0.002380 0.005947
2 0.209494 0.488294 0.002645 0.005814
2 0.230041 0.503225 0.003879 0.007398
2 0.236787 0.512079 0.005026 0.008457
2 0.220958 0.554229 0.002470 0.005287
2 0.222281 0.566585 0.002822 0.005682
2 0.229556 0.564867 0.002558 0.005417
2 0.203365 0.586206 0.002909 0.006606
2 0.195604 0.577353 0.003969 0.006079
2 0.180613 0.589312 0.003967 0.005945
2 0.183170 0.596711 0.004674 0.005682
2 0.184449 0.605366 0.004232 0.005814
2 0.193135 0.600411 0.002205 0.004890
2 0.244592 0.582705 0.002470 0.005947
2 0.248473 0.584224 0.001764 0.006608
2 0.244196 0.572994 0.001323 0.004228
2 0.247679 0.561035 0.001939 0.005417
2 0.239257 0.612634 0.003440 0.005020
2 0.247194 0.620166 0.002734 0.006342
2 0.261304 0.619835 0.003792 0.009116
2 0.279911 0.630406 0.005909 0.010702
2 0.300370 0.628094 0.003439 0.005285
2 0.274487 0.598825 0.002822 0.004096
2 0.279867 0.597768 0.002647 0.005682
2 0.260440 0.657517 0.003556 0.005898
2 0.228756 0.641534 0.004192 0.007421
2 0.206279 0.632115 0.003683 0.004947
2 0.217581 0.656852 0.003936 0.007991
2 0.229073 0.655329 0.005334 0.006851
2 0.234471 0.664177 0.002159 0.007421
2 0.210787 0.702518 0.004064 0.004947
2 0.185643 0.670742 0.003303 0.006851
2 0.196056 0.667696 0.003048 0.007612
2 0.313696 0.611444 0.003841 0.006301
2 0.324668 0.602676 0.003476 0.006851
2 0.344052 0.601443 0.002378 0.007671
2 0.410889 0.577332 0.004754 0.009864
2 0.422775 0.587881 0.003656 0.008493
2 0.442342 0.567741 0.002925 0.008768
2 0.310530 0.832258 0.003527 0.009251
2 0.330371 0.963536 0.003704 0.007268
2 0.053474 0.527026 0.003556 0.006279
2 0.089919 0.499150 0.002031 0.005328
2 0.093982 0.502290 0.002793 0.007040
2 0.066934 0.497342 0.003048 0.006281
2 0.034361 0.550715 0.004446 0.005708
2 0.057918 0.550049 0.004064 0.008563
0 0.471499 0.262205 0.116849 0.439393
0 0.534418 0.722643 0.137073 0.383840
0 0.825419 0.231902 0.092132 0.274412
0 0.721788 0.742060 0.147193 0.213481
0 0.665176 0.596441 0.147192 0.190859
0 0.728734 0.228729 0.076008 0.144322
0 0.609153 0.334761 0.152670 0.258211
0 0.101978 0.263923 0.084918 0.127239
1 0.183278 0.048734 0.004205 0.010138
1 0.187026 0.038322 0.006583 0.012879
1 0.192878 0.061886 0.005852 0.010136
1 0.225611 0.010238 0.006217 0.009316
1 0.233931 0.020375 0.006401 0.010411
1 0.234480 0.051200 0.004571 0.009041
1 0.242709 0.060516 0.004572 0.010686
1 0.237771 0.065996 0.004572 0.008493
1 0.247372 0.083257 0.006217 0.010138
1 0.248743 0.096272 0.004938 0.010411
1 0.245909 0.106958 0.004389 0.010411
1 0.204399 0.116686 0.006950 0.013424
1 0.178158 0.014210 0.005668 0.010138
1 0.184192 0.012429 0.004936 0.012056
1 0.246707 0.136806 0.005181 0.008677
1 0.251279 0.153817 0.005485 0.010733
1 0.261870 0.153703 0.003505 0.011417
1 0.258365 0.166717 0.004724 0.010503
1 0.268118 0.179048 0.005943 0.012787
1 0.257222 0.191948 0.005789 0.010733
1 0.275585 0.205420 0.011428 0.013015
1 0.282137 0.232021 0.006247 0.012331
1 0.266670 0.260106 0.005486 0.010961
1 0.269261 0.271979 0.006399 0.012329
1 0.272613 0.285793 0.006401 0.012559
1 0.294405 0.283167 0.006095 0.012787
1 0.302481 0.313992 0.007924 0.011873
1 0.310862 0.324039 0.007314 0.014613
1 0.307891 0.338195 0.005029 0.010959
1 0.313224 0.358060 0.005639 0.012329
1 0.316730 0.376440 0.005943 0.013015
1 0.322139 0.399273 0.007010 0.014385
1 0.345226 0.500083 0.007772 0.011873
1 0.338978 0.471997 0.006249 0.011873
1 0.375931 0.517550 0.010058 0.007991
1 0.395589 0.520404 0.012496 0.007307
1 0.419666 0.519377 0.011580 0.008449
1 0.418143 0.478277 0.012495 0.012559
2 0.051696 0.561751 0.002033 0.004947
1 0.426067 0.483186 0.009144 0.010961
1 0.437724 0.514011 0.013563 0.010961
1 0.454868 0.509672 0.013410 0.014157
1 0.471859 0.503736 0.012038 0.009589
1 0.659295 0.440237 0.013867 0.010002
1 0.734041 0.373678 0.006095 0.010503
1 0.740745 0.401306 0.004876 0.018268
1 0.747450 0.396169 0.008534 0.014385
1 0.761165 0.422998 0.006096 0.012331
1 0.764746 0.410211 0.007772 0.010503
1 0.774728 0.405187 0.010363 0.011873
1 0.788976 0.402334 0.010209 0.007991
1 0.806043 0.419001 0.008990 0.015755
1 0.817929 0.441150 0.009296 0.018037
1 0.832177 0.456677 0.014020 0.013471
1 0.774194 0.443776 0.007772 0.012329
1 0.784480 0.459874 0.008230 0.011645
1 0.817853 0.504398 0.009144 0.013471
1 0.862655 0.572212 0.009753 0.013471
1 0.893437 0.574267 0.007010 0.014385
1 0.945248 0.652586 0.008534 0.014841
1 0.969478 0.695854 0.009753 0.013699
