1 0.750105 0.601783 0.009781 0.010130
1 0.572584 0.341098 0.005469 0.010210
1 0.577631 0.340217 0.005469 0.010210
1 0.565601 0.316393 0.005469 0.010212
1 0.570649 0.314627 0.005469 0.010212
1 0.576959 0.314376 0.005469 0.010210
1 0.582594 0.314124 0.005469 0.010210
1 0.590755 0.338452 0.005469 0.010210
1 0.596476 0.349419 0.005467 0.010210
1 0.598327 0.335174 0.005469 0.010210
1 0.604131 0.333158 0.005469 0.010212
1 0.610441 0.333158 0.005469 0.010212
1 0.615657 0.331393 0.005469 0.010212
1 0.621546 0.331141 0.005469 0.010210
1 0.626509 0.328116 0.005469 0.010210
1 0.581164 0.352948 0.005467 0.010212
1 0.575865 0.353199 0.005469 0.010210
1 0.571238 0.355343 0.005467 0.010210
1 0.612376 0.345259 0.005469 0.010212
1 0.617255 0.344502 0.005469 0.010210
1 0.622555 0.343242 0.005469 0.010210
1 0.540785 0.328537 0.005469 0.010210
1 0.532793 0.342333 0.004360 0.009800
1 0.571619 0.297407 0.009569 0.009257
1 0.558233 0.310567 0.007996 0.007987
1 0.558173 0.304578 0.009571 0.005083
1 0.556167 0.299677 0.009946 0.007987
1 0.552412 0.290964 0.010187 0.009440
1 0.551323 0.285880 0.010188 0.009440
1 0.550355 0.281161 0.010188 0.009440
1 0.549022 0.275534 0.010188 0.009440
1 0.595541 0.302943 0.010188 0.009440
1 0.600387 0.299313 0.010189 0.009440
1 0.605595 0.297679 0.010188 0.009438
1 0.609351 0.294775 0.010189 0.009440
1 0.614075 0.291326 0.010189 0.009440
1 0.618921 0.286970 0.010187 0.009440
1 0.632610 0.297679 0.010187 0.009438
1 0.633337 0.284066 0.010188 0.009438
1 0.632247 0.327993 0.010189 0.009438
1 0.558229 0.357217 0.010189 0.009438
1 0.532062 0.367563 0.010189 0.009438
1 0.545993 0.366112 0.010188 0.009438
1 0.640601 0.334929 0.010188 0.009438
1 0.641605 0.338692 0.010189 0.009440
1 0.646378 0.343208 0.010187 0.009438
1 0.648388 0.347726 0.010189 0.009438
1 0.652909 0.353748 0.010187 0.009438
1 0.657933 0.360147 0.010188 0.009438
1 0.663962 0.368427 0.010187 0.009440
1 0.527536 0.271989 0.005398 0.013477
1 0.531816 0.290303 0.004455 0.008563
1 0.533933 0.298072 0.005936 0.007292
1 0.535732 0.305921 0.005090 0.009037
1 0.538330 0.316941 0.004973 0.008247
1 0.519969 0.252089 0.003808 0.006026
1 0.514308 0.253675 0.006243 0.010464
1 0.507641 0.244001 0.005185 0.010149
1 0.512350 0.243288 0.004868 0.010941
1 0.517482 0.242892 0.005821 0.011732
1 0.519717 0.204424 0.005114 0.010440
1 0.524215 0.203367 0.004937 0.006474
1 0.530476 0.203566 0.004586 0.009778
1 0.538457 0.202574 0.004145 0.009383
1 0.542910 0.200922 0.003880 0.008192
1 0.533342 0.193325 0.004674 0.007533
1 0.527654 0.194184 0.004762 0.008986
1 0.522804 0.195109 0.005292 0.008719
1 0.522716 0.176874 0.003527 0.008194
1 0.526728 0.174891 0.004674 0.007136
1 0.533077 0.174826 0.004497 0.008589
1 0.536825 0.172381 0.004939 0.009249
1 0.518041 0.151834 0.004939 0.010704
1 0.509664 0.153089 0.003880 0.008194
1 0.504990 0.153618 0.004409 0.008457
1 0.493863 0.135338 0.004446 0.008721
1 0.498043 0.134466 0.005186 0.010149
1 0.466771 0.141285 0.004656 0.009198
1 0.523311 0.135131 0.006799 0.006606
1 0.432723 0.147894 0.005851 0.018084
1 0.417545 0.150908 0.005120 0.011507
1 0.401270 0.115699 0.005486 0.012877
1 0.399798 0.067612 0.008795 0.010411
1 0.389358 0.047475 0.005121 0.010686
1 0.394170 0.033585 0.009533 0.007398
1 0.393200 0.029097 0.009534 0.007400
1 0.392936 0.023943 0.009533 0.007398
1 0.392319 0.019715 0.009534 0.007398
1 0.437999 0.014561 0.009534 0.007400
1 0.441879 0.020773 0.009533 0.007400
1 0.446113 0.024339 0.009533 0.007400
1 0.426270 0.029758 0.009533 0.007398
1 0.426447 0.033589 0.009533 0.007398
1 0.395008 0.009404 0.003448 0.008457
1 0.398893 0.007289 0.003440 0.006871
1 0.403302 0.005704 0.003792 0.005285
1 0.408593 0.005572 0.003262 0.005020
1 0.561603 0.096933 0.006688 0.008259
1 0.566196 0.093354 0.006026 0.008809
1 0.570533 0.089828 0.006026 0.008809
1 0.576044 0.088065 0.006026 0.008809
1 0.580233 0.085093 0.006026 0.008809
1 0.558628 0.098637 0.006027 0.008809
1 0.585046 0.115268 0.007716 0.009469
1 0.588941 0.100182 0.007276 0.009249
1 0.590816 0.105243 0.006026 0.008809
1 0.594123 0.110198 0.006026 0.008809
1 0.597944 0.112511 0.006027 0.008809
1 0.599855 0.117247 0.006026 0.008809
1 0.604926 0.120329 0.006026 0.008809
1 0.607056 0.125504 0.006026 0.008809
1 0.596695 0.131121 0.006026 0.008809
1 0.611099 0.129358 0.006026 0.008809
1 0.598240 0.082230 0.009266 0.008809
1 0.603308 0.091039 0.009266 0.008809
1 0.606175 0.094673 0.009266 0.008809
1 0.611760 0.097426 0.009266 0.008809
1 0.565609 0.119999 0.009266 0.008809
1 0.568329 0.123853 0.009266 0.008809
1 0.617787 0.106125 0.009266 0.008809
1 0.620799 0.110089 0.009266 0.008809
1 0.624841 0.115154 0.009266 0.008809
1 0.627560 0.118788 0.009266 0.008809
1 0.630940 0.122202 0.009266 0.008809
1 0.615361 0.132992 0.009266 0.008809
4 0.975985 0.440545 0.014223 0.016936
4 0.968683 0.443684 0.009779 0.011798
4 0.992874 0.428463 0.014223 0.021311
4 0.962207 0.337129 0.017397 0.021311
4 0.955414 0.332178 0.017398 0.021311
4 0.954144 0.322094 0.017397 0.021309
4 0.948049 0.316006 0.017397 0.021311
4 0.942842 0.310678 0.017397 0.021311
4 0.930778 0.321142 0.017398 0.021311
4 0.922524 0.316195 0.017398 0.021311
4 0.932937 0.301543 0.017398 0.021311
4 0.922143 0.298119 0.017398 0.021311
4 0.908301 0.317907 0.017398 0.021311
4 0.936999 0.353492 0.020826 0.020930
4 0.931412 0.359583 0.018541 0.020550
7 0.863697 0.360536 0.096378 0.104163
7 0.250204 0.195795 0.146882 0.391590
7 0.392445 0.319184 0.085181 0.306808
7 0.439130 0.619854 0.094462 0.204538
7 0.634063 0.192369 0.074806 0.087543
8 0.924746 0.735981 0.100954 0.524507
2 0.764391 0.303177 0.001693 0.006977
2 0.766455 0.301751 0.002223 0.005391
2 0.769363 0.303812 0.002323 0.006342
2 0.695500 0.092254 0.001940 0.010041
2 0.789261 0.053404 0.002552 0.007264
1 0.125785 0.043640 0.007832 0.017125
1 0.133034 0.073054 0.007514 0.014112
1 0.127114 0.152771 0.007747 0.012748
1 0.134797 0.152389 0.006096 0.012368
1 0.142099 0.148109 0.005207 0.011417
1 0.128765 0.172844 0.007239 0.017887
1 0.143686 0.184261 0.006603 0.014463
1 0.167243 0.160668 0.004952 0.010656
1 0.164766 0.203384 0.006095 0.010086
1 0.177211 0.201196 0.006349 0.012176
1 0.184196 0.230974 0.006351 0.013890
1 0.155497 0.260087 0.006349 0.012368
1 0.141972 0.267317 0.008254 0.010847
1 0.185275 0.277592 0.008510 0.011987
1 0.155306 0.292338 0.005715 0.013320
1 0.151940 0.315553 0.006095 0.011036
1 0.163243 0.321641 0.008890 0.011417
1 0.204768 0.321164 0.006857 0.013510
1 0.172894 0.381008 0.007620 0.013318
1 0.235499 0.411167 0.007874 0.011226
1 0.270204 0.508201 0.013228 0.023308
1 0.250996 0.575036 0.013334 0.019029
1 0.299094 0.550537 0.009207 0.012211
1 0.306818 0.561478 0.009418 0.016967
1 0.329846 0.622383 0.008996 0.014904
1 0.304713 0.660042 0.011007 0.014428
1 0.310903 0.693815 0.010053 0.016649
1 0.363762 0.686681 0.012486 0.021089
1 0.389584 0.713240 0.015874 0.018711
1 0.350558 0.751727 0.015543 0.016895
1 0.421190 0.891124 0.014171 0.019866
1 0.441382 0.910304 0.010361 0.018496
1 0.501194 0.923205 0.012039 0.019180
1 0.510108 0.917268 0.011887 0.018265
1 0.445953 0.754490 0.010971 0.015299
1 0.450829 0.746955 0.010971 0.021692
1 0.456849 0.743873 0.009601 0.027400
1 0.462487 0.737137 0.008077 0.021236
1 0.470031 0.742046 0.006705 0.021006
1 0.475051 0.747982 0.007635 0.015525
1 0.479013 0.753349 0.009463 0.017581
1 0.483509 0.758828 0.009311 0.015755
1 0.487395 0.765906 0.013121 0.017581
1 0.491128 0.773670 0.009615 0.016667
1 0.496234 0.780976 0.010682 0.021236
1 0.501567 0.789653 0.010073 0.016211
1 0.504691 0.795932 0.009615 0.014157
1 0.508729 0.801527 0.010376 0.016669
1 0.512767 0.808376 0.009007 0.014843
1 0.516425 0.815113 0.009920 0.015983
1 0.520615 0.823675 0.008853 0.015753
1 0.475288 0.781204 0.009905 0.015755
1 0.463622 0.777894 0.009769 0.010959
1 0.465147 0.784629 0.010378 0.015297
1 0.467584 0.792849 0.010986 0.013471
1 0.480537 0.800361 0.010376 0.013243
1 0.483890 0.808467 0.009158 0.014385
1 0.471707 0.808810 0.015239 0.019180
1 0.495319 0.835867 0.008245 0.014841
1 0.500653 0.841119 0.009768 0.013015
1 0.503014 0.849910 0.007178 0.013701
1 0.507357 0.857102 0.006111 0.016667
1 0.511091 0.862468 0.009921 0.016895
1 0.516272 0.866236 0.009311 0.017125
1 0.524958 0.829360 0.008701 0.019180
1 0.531130 0.840892 0.010376 0.023062
1 0.537073 0.847512 0.009463 0.020778
1 0.518329 0.877082 0.006110 0.016895
1 0.522368 0.882448 0.006567 0.018952
1 0.527930 0.888270 0.009159 0.016441
1 0.531587 0.895690 0.008245 0.014841
1 0.535625 0.901742 0.010226 0.015527
1 0.539740 0.906079 0.008091 0.014613
1 0.544159 0.914757 0.008092 0.015527
1 0.547130 0.924689 0.010378 0.013929
1 0.552769 0.931767 0.008549 0.015753
1 0.556426 0.937933 0.009463 0.015755
1 0.560617 0.945695 0.010226 0.017123
1 0.565722 0.952203 0.007635 0.016897
1 0.569988 0.958367 0.009768 0.014613
1 0.573645 0.967044 0.010682 0.013701
1 0.578522 0.975265 0.010378 0.015069
1 0.583170 0.980744 0.009005 0.013699
1 0.587741 0.989193 0.009311 0.013699
1 0.592389 0.992047 0.007939 0.010275
1 0.605418 0.971040 0.008701 0.017125
1 0.611285 0.977776 0.009158 0.012787
1 0.616238 0.982229 0.007788 0.014385
1 0.620657 0.990448 0.009920 0.017125
1 0.599780 0.952432 0.008092 0.016439
1 0.594446 0.946723 0.009007 0.015527
1 0.590256 0.939074 0.006110 0.022150
1 0.586294 0.929826 0.007330 0.018268
1 0.582027 0.922405 0.007940 0.021236
1 0.575932 0.916012 0.008549 0.022606
1 0.573036 0.910760 0.012205 0.015299
1 0.569302 0.903911 0.007178 0.019410
1 0.564046 0.895690 0.008243 0.021234
1 0.561303 0.887814 0.008549 0.014157
1 0.557416 0.880620 0.009311 0.016211
1 0.552845 0.875941 0.008397 0.020094
1 0.548959 0.870688 0.009768 0.017353
1 0.544083 0.863725 0.008853 0.018952
1 0.540044 0.855162 0.007482 0.019180
1 0.428389 0.266438 0.005925 0.012685
1 0.433099 0.262316 0.006031 0.014587
1 0.432834 0.293474 0.006137 0.012526
1 0.438283 0.286736 0.004550 0.010149
1 0.439924 0.297041 0.005715 0.012368
1 0.439818 0.326614 0.005715 0.011258
1 0.443416 0.340726 0.007408 0.022042
1 0.473417 0.388454 0.006033 0.013162
1 0.479132 0.385757 0.006033 0.016331
1 0.484317 0.383855 0.006243 0.015698
1 0.489450 0.384172 0.005079 0.014746
1 0.468973 0.414220 0.007090 0.013001
1 0.474793 0.412635 0.006455 0.015539
1 0.485535 0.411366 0.006561 0.013318
1 0.491249 0.410415 0.005927 0.014271
1 0.496381 0.408828 0.005819 0.012685
1 0.501884 0.407005 0.006031 0.010941
1 0.507281 0.407243 0.006455 0.012370
1 0.500085 0.380129 0.006879 0.016175
1 0.505641 0.379336 0.006349 0.016173
1 0.510404 0.377750 0.005503 0.017125
1 0.515588 0.377592 0.005503 0.013954
1 0.520721 0.376403 0.007303 0.013795
1 0.527970 0.401297 0.008889 0.018868
1 0.529764 0.425717 0.011440 0.008404
1 0.531404 0.429839 0.011546 0.008086
1 0.533785 0.433169 0.012709 0.007771
1 0.530774 0.467339 0.008360 0.013954
1 0.485376 0.436341 0.008360 0.009672
1 0.504683 0.433882 0.008477 0.011099
1 0.495853 0.460838 0.006243 0.012685
1 0.500984 0.457745 0.006137 0.012844
1 0.488598 0.474079 0.011016 0.012526
1 0.534684 0.494612 0.011333 0.012685
1 0.535901 0.501986 0.011651 0.009672
1 0.506429 0.500718 0.010698 0.009990
1 0.507699 0.508170 0.011757 0.008086
1 0.509501 0.514115 0.012607 0.009513
1 0.511355 0.519660 0.012607 0.009515
1 0.512942 0.525211 0.012607 0.009513
1 0.514213 0.531711 0.012607 0.009513
1 0.515271 0.538847 0.012607 0.009513
1 0.517493 0.544238 0.012607 0.009513
1 0.538763 0.519819 0.012607 0.009515
1 0.540139 0.526638 0.012607 0.009513
1 0.520350 0.551691 0.012607 0.009513
1 0.519503 0.557082 0.012607 0.009513
1 0.519715 0.563900 0.012607 0.009513
1 0.519821 0.571194 0.012607 0.009513
1 0.547015 0.552400 0.014508 0.013172
1 0.542256 0.586183 0.006349 0.011893
1 0.548764 0.584914 0.006879 0.011576
1 0.556807 0.584755 0.005821 0.012526
1 0.537124 0.643028 0.006878 0.015539
1 0.558764 0.644534 0.006985 0.013795
1 0.568659 0.649529 0.005185 0.014587
1 0.498550 0.637716 0.007620 0.016331
1 0.495429 0.622019 0.007302 0.013162
1 0.488974 0.590305 0.006879 0.013160
1 0.486698 0.578254 0.005927 0.012844
1 0.483735 0.562161 0.005715 0.013003
1 0.481831 0.547255 0.008466 0.017759
1 0.472730 0.541071 0.006351 0.013954
1 0.470396 0.505950 0.010382 0.020454
1 0.456379 0.468289 0.006454 0.013952
1 0.467386 0.470748 0.005821 0.011891
1 0.464476 0.457508 0.007832 0.018078
1 0.461618 0.442365 0.007196 0.012209
1 0.558299 0.680164 0.008783 0.009672
1 0.571368 0.682621 0.008889 0.012368
1 0.542161 0.742637 0.019895 0.013162
1 0.548404 0.758255 0.013333 0.012683
1 0.551103 0.765550 0.010265 0.011417
1 0.554648 0.772606 0.011005 0.014112
1 0.559939 0.778711 0.011429 0.014271
1 0.564543 0.784261 0.012382 0.014589
1 0.568511 0.792347 0.010582 0.014589
1 0.588459 0.779345 0.008360 0.020613
1 0.707052 0.896946 0.010819 0.021006
1 0.705452 0.913501 0.016152 0.009819
1 0.708196 0.922291 0.012190 0.010959
1 0.709110 0.931653 0.016152 0.013701
1 0.735245 0.889069 0.009905 0.021692
1 0.744769 0.887698 0.009753 0.018952
1 0.772343 0.863154 0.015254 0.017353
1 0.774552 0.874227 0.015406 0.018496
1 0.754673 0.909276 0.016762 0.010959
1 0.737683 0.905166 0.014173 0.009591
1 0.739968 0.913158 0.012648 0.008677
1 0.742635 0.923319 0.012192 0.010275
1 0.769727 0.975573 0.012082 0.007400
1 0.755618 0.981387 0.011200 0.009513
1 0.758660 0.988126 0.010760 0.010837
1 0.761482 0.995913 0.010230 0.008174
1 0.773342 0.982841 0.015079 0.011891
1 0.776341 0.991694 0.013492 0.009251
1 0.805839 0.982576 0.012170 0.012156
1 0.808838 0.991826 0.014287 0.010570
1 0.818318 0.970420 0.013668 0.012685
1 0.822595 0.978282 0.012698 0.012288
1 0.824843 0.989117 0.012787 0.008854
1 0.826959 0.996838 0.011201 0.006323
1 0.848522 0.960972 0.014109 0.013610
1 0.852534 0.968901 0.012611 0.010440
1 0.855488 0.977886 0.015167 0.012816
1 0.855268 0.988720 0.012611 0.010438
1 0.860074 0.994535 0.014640 0.010438
1 0.732876 0.630853 0.010288 0.007048
1 0.731039 0.624026 0.011170 0.006826
1 0.728798 0.616924 0.012861 0.007378
1 0.724609 0.603545 0.012420 0.008809
1 0.723433 0.597214 0.011685 0.006057
1 0.722039 0.590162 0.011982 0.008031
1 0.719832 0.583614 0.011096 0.007708
1 0.759957 0.637460 0.009773 0.007046
1 0.758741 0.631018 0.010001 0.009800
1 0.755764 0.623255 0.011398 0.011010
1 0.754221 0.616318 0.010516 0.010572
1 0.752054 0.609326 0.011325 0.010020
1 0.762305 0.600351 0.009781 0.008369
1 0.764547 0.605858 0.010001 0.006386
1 0.766160 0.612993 0.010933 0.008538
1 0.768352 0.620036 0.011057 0.008475
1 0.769968 0.627650 0.009526 0.008158
1 0.795414 0.622398 0.010779 0.011747
1 0.792872 0.614781 0.010105 0.008809
1 0.790147 0.608955 0.012003 0.010002
1 0.788982 0.600789 0.011636 0.009819
1 0.785654 0.594016 0.010662 0.008992
1 0.797012 0.590496 0.011439 0.009037
1 0.800345 0.597234 0.009641 0.009831
1 0.802409 0.604926 0.011016 0.009990
1 0.803997 0.610705 0.012609 0.009513
1 0.806325 0.617841 0.012607 0.009513
1 0.833099 0.582481 0.012607 0.009513
1 0.835533 0.588824 0.012607 0.009513
1 0.838073 0.596752 0.012607 0.009513
1 0.841565 0.604522 0.012607 0.009515
1 0.844210 0.611498 0.012607 0.009515
1 0.859026 0.583749 0.012609 0.009513
1 0.860296 0.590093 0.012607 0.009513
1 0.863787 0.597703 0.012607 0.009513
1 0.866010 0.606583 0.012607 0.009513
1 0.821139 0.585421 0.011651 0.010623
1 0.824104 0.591995 0.011651 0.010623
1 0.826220 0.600240 0.011652 0.010623
1 0.827279 0.606107 0.011652 0.010623
1 0.831512 0.613718 0.011651 0.010625
1 0.814355 0.561231 0.014851 0.011753
1 0.811239 0.555114 0.011652 0.010623
1 0.808294 0.549567 0.011651 0.010625
1 0.806191 0.542382 0.011651 0.010623
1 0.779018 0.571374 0.011651 0.010623
1 0.775569 0.565071 0.011651 0.010623
1 0.774812 0.558265 0.011651 0.010623
1 0.772793 0.550450 0.011651 0.010623
1 0.771699 0.544652 0.011651 0.010623
1 0.769680 0.537970 0.011651 0.010623
1 0.768671 0.531163 0.011651 0.010625
1 0.776967 0.523425 0.011651 0.010625
1 0.780399 0.535829 0.011651 0.010623
1 0.781711 0.542635 0.011651 0.010625
1 0.786557 0.556401 0.011652 0.010623
1 0.788172 0.561997 0.011651 0.010623
1 0.790999 0.568956 0.011652 0.010623
1 0.799479 0.519190 0.011651 0.010623
1 0.812804 0.522367 0.011652 0.010625
1 0.815126 0.533107 0.011652 0.010623
1 0.818357 0.539610 0.011651 0.010625
1 0.819871 0.546266 0.011652 0.010623
1 0.822799 0.551409 0.011652 0.010623
1 0.826635 0.560788 0.011651 0.010623
1 0.806141 0.504064 0.011652 0.010623
1 0.800185 0.492113 0.011651 0.010623
1 0.828553 0.497105 0.011652 0.010623
1 0.832591 0.508299 0.011652 0.010625
1 0.833399 0.515257 0.011651 0.010623
1 0.837033 0.521761 0.011651 0.010623
1 0.838648 0.528568 0.011652 0.010625
1 0.842283 0.533862 0.011652 0.010623
1 0.844705 0.540518 0.011652 0.010625
1 0.845916 0.547477 0.011651 0.010625
1 0.847330 0.555644 0.011652 0.010625
1 0.770910 0.504820 0.011651 0.010625
1 0.760815 0.513744 0.011651 0.010623
1 0.762228 0.521610 0.011651 0.010623
1 0.755139 0.496044 0.011651 0.010623
1 0.765607 0.493221 0.011651 0.010623
1 0.764559 0.486948 0.011651 0.010623
1 0.787168 0.482871 0.011651 0.010623
1 0.783190 0.470637 0.011652 0.010623
1 0.780469 0.463737 0.011651 0.010625
1 0.814172 0.459032 0.011651 0.010625
1 0.744045 0.579478 0.011652 0.010625
1 0.754721 0.578536 0.011651 0.010623
1 0.752209 0.570068 0.011651 0.010625
1 0.740486 0.571636 0.011652 0.010625
1 0.739440 0.566931 0.011651 0.010625
1 0.750325 0.563481 0.011652 0.010623
1 0.748232 0.557835 0.011651 0.010625
1 0.748232 0.551875 0.011651 0.010623
1 0.744882 0.543092 0.011651 0.010623
1 0.742998 0.538388 0.011651 0.010623
1 0.740905 0.527410 0.011652 0.010623
1 0.738602 0.519568 0.011652 0.010623
1 0.736090 0.512981 0.011651 0.010625
1 0.731066 0.501376 0.011651 0.010623
1 0.730857 0.494789 0.011651 0.010625
1 0.729182 0.486948 0.011652 0.010623
1 0.724786 0.478793 0.011651 0.010623
1 0.723531 0.470324 0.011651 0.010623
1 0.717041 0.491340 0.011652 0.010623
1 0.720390 0.503885 0.011652 0.010625
1 0.721855 0.510472 0.011651 0.010623
1 0.723531 0.516432 0.011651 0.010625
1 0.725204 0.522706 0.011651 0.010623
1 0.726251 0.528978 0.011652 0.010623
1 0.728764 0.534624 0.011652 0.010625
1 0.731066 0.539329 0.011651 0.010625
1 0.734206 0.545603 0.011651 0.010623
1 0.735671 0.554072 0.011652 0.010623
1 0.715826 0.572141 0.011652 0.010625
1 0.713314 0.566119 0.011652 0.010625
1 0.691459 0.478795 0.011652 0.010623
1 0.692715 0.488958 0.011651 0.010623
1 0.695228 0.497991 0.011651 0.010623
1 0.697488 0.508530 0.011651 0.010623
1 0.700503 0.520575 0.011652 0.010625
1 0.702763 0.528103 0.011651 0.010623
1 0.709546 0.463363 0.011651 0.010623
1 0.704773 0.456211 0.011652 0.010623
1 0.704773 0.449813 0.011652 0.010623
1 0.702261 0.442285 0.011652 0.010625
1 0.771593 0.437015 0.011651 0.010623
1 0.777622 0.426100 0.011651 0.010625
1 0.802993 0.418196 0.011651 0.010623
1 0.802993 0.425724 0.011651 0.010625
1 0.809524 0.438898 0.011651 0.010625
1 0.862276 0.385450 0.011651 0.010623
1 0.833388 0.394483 0.011651 0.010623
1 0.842180 0.399376 0.011651 0.010625
1 0.857252 0.406904 0.011651 0.010623
1 0.866798 0.414432 0.011651 0.010623
1 0.875339 0.418196 0.011651 0.010623
1 0.886643 0.424218 0.011652 0.010623
1 0.557732 0.344561 0.005469 0.010210
1 0.562068 0.344755 0.005467 0.010210
1 0.567199 0.343746 0.005469 0.010212
