4 0.071897 0.730524 0.114357 0.247693
4 0.323822 0.917006 0.108696 0.165987
0 0.684389 0.115533 0.091821 0.174743
0 0.786251 0.355032 0.084635 0.109086
1 0.937038 0.091162 0.007524 0.011735
0 0.840853 0.457643 0.082815 0.127496
1 0.714526 0.215501 0.005022 0.012296
1 0.717019 0.205563 0.005573 0.010462
1 0.723939 0.213913 0.006185 0.011930
1 0.719071 0.196570 0.005389 0.010827
1 0.720580 0.188581 0.005204 0.010440
1 0.723579 0.182238 0.006437 0.014668
1 0.725078 0.172395 0.005909 0.012156
1 0.714625 0.155610 0.005120 0.011093
1 0.726092 0.165326 0.005291 0.009910
1 0.729443 0.158124 0.005644 0.012685
1 0.732927 0.139228 0.006261 0.011364
1 0.738394 0.157727 0.006614 0.010043
1 0.749065 0.174641 0.006614 0.009513
1 0.742671 0.199614 0.007584 0.013215
1 0.742583 0.132555 0.005114 0.009381
1 0.745582 0.126212 0.007584 0.011761
1 0.740731 0.110290 0.004938 0.010572
1 0.761014 0.127138 0.005821 0.010969
1 0.758104 0.138435 0.006526 0.010043
1 0.744346 0.103948 0.005644 0.009513
1 0.767143 0.102032 0.007143 0.010969
1 0.772522 0.078643 0.003969 0.010967
1 0.755214 0.053104 0.005588 0.012176
1 0.771151 0.022754 0.007746 0.013888
1 0.905222 0.220312 0.004868 0.014110
1 0.901196 0.234821 0.007630 0.012052
1 0.899079 0.247903 0.008899 0.010623
1 0.895217 0.263045 0.008159 0.012685
1 0.893100 0.276206 0.005830 0.010149
1 0.887020 0.245683 0.003386 0.009990
1 0.880560 0.269151 0.005938 0.011258
1 0.875692 0.290953 0.005514 0.010782
1 0.885269 0.300546 0.006465 0.011576
1 0.830791 0.261793 0.007101 0.011891
1 0.821055 0.256084 0.004985 0.012526
1 0.805340 0.250773 0.006148 0.011101
1 0.788038 0.236740 0.006889 0.014110
1 0.820791 0.166197 0.005564 0.011099
1 0.821634 0.106009 0.004232 0.013610
1 0.846762 0.084273 0.006182 0.013477
1 0.860123 0.093125 0.005917 0.014007
1 0.877628 0.096760 0.006359 0.010438
1 0.915856 0.124970 0.007500 0.013479
1 0.892223 0.144328 0.006622 0.009910
1 0.863606 0.128406 0.004595 0.011629
1 0.877936 0.136203 0.006622 0.011099
1 0.909463 0.155098 0.006535 0.012423
1 0.916524 0.174720 0.005647 0.012290
1 0.900027 0.189783 0.008476 0.014404
1 0.931588 0.116136 0.008264 0.012842
1 0.952012 0.032256 0.007207 0.012211
1 0.949314 0.043593 0.007101 0.010147
1 0.937038 0.042800 0.006889 0.011415
1 0.925503 0.087356 0.006254 0.009513
1 0.840077 0.022059 0.004905 0.009636
1 0.786589 0.022617 0.004189 0.013215
1 0.788500 0.011166 0.004630 0.013874
1 0.665101 0.068352 0.005791 0.015755
1 0.673253 0.073718 0.005029 0.011875
1 0.678206 0.076002 0.003048 0.010961
1 0.675844 0.046432 0.005639 0.012559
1 0.679349 0.048259 0.006249 0.013013
1 0.684301 0.049515 0.004876 0.010961
1 0.688949 0.052484 0.005944 0.012329
1 0.601291 0.044198 0.009270 0.010656
1 0.607005 0.026122 0.008762 0.012178
1 0.609672 0.013850 0.008762 0.009324
1 0.613539 0.003004 0.008394 0.005519
1 0.940478 0.078953 0.008901 0.012685
1 0.537244 0.062313 0.005599 0.009894
1 0.541561 0.066404 0.007886 0.010466
1 0.549372 0.072207 0.008520 0.011417
2 0.576081 0.110455 0.002645 0.003854
2 0.581592 0.108308 0.001322 0.003966
2 0.584752 0.107097 0.001469 0.003742
2 0.578763 0.100270 0.002132 0.004843
5 0.930134 0.584093 0.047925 0.055633
1 0.854724 0.028330 0.003883 0.007189
8 0.296649 0.474349 0.554800 0.926303
