0 0.215298 0.341474 0.030538 0.022467
6 0.069558 0.661453 0.032731 0.113703
7 0.044767 0.660764 0.026716 0.103023
7 0.185338 0.534401 0.068632 0.240334
7 0.361485 0.508094 0.036584 0.182447
7 0.582136 0.549330 0.042043 0.066270
7 0.719189 0.534603 0.046413 0.082634
7 0.618993 0.689644 0.043683 0.161995
0 0.140872 0.433412 0.020012 0.016967
0 0.145612 0.402360 0.028439 0.019727
0 0.138107 0.386972 0.025015 0.015784
0 0.141530 0.449114 0.023962 0.020122
0 0.140740 0.464306 0.025016 0.019727
0 0.140345 0.478904 0.022120 0.014994
0 0.136264 0.493503 0.028701 0.018939
0 0.133893 0.517570 0.030808 0.025250
0 0.131787 0.547952 0.037129 0.033143
0 0.133630 0.568468 0.037655 0.017360
0 0.134552 0.582081 0.034232 0.020912
0 0.132313 0.599836 0.033969 0.019334
0 0.130338 0.616407 0.035285 0.024068
0 0.130338 0.632979 0.037918 0.018544
0 0.129812 0.647182 0.036865 0.016967
0 0.129944 0.664543 0.039235 0.019334
0 0.127574 0.679142 0.034496 0.021700
0 0.130075 0.696896 0.042132 0.022490
0 0.127969 0.708931 0.032652 0.017362
0 0.127442 0.726292 0.031599 0.018939
0 0.126389 0.741297 0.031599 0.018937
0 0.124282 0.754712 0.031599 0.018939
0 0.124809 0.768916 0.031599 0.018939
0 0.122440 0.784304 0.031599 0.018937
0 0.122702 0.796929 0.031598 0.018939
0 0.122176 0.815868 0.031599 0.018939
0 0.058320 0.782330 0.040289 0.018939
0 0.059242 0.798508 0.038446 0.018937
0 0.058584 0.813106 0.038185 0.018939
0 0.058059 0.828495 0.040295 0.018939
0 0.183531 0.857282 0.052664 0.065501
0 0.223555 0.863992 0.028439 0.041824
0 0.248176 0.861427 0.022909 0.047740
0 0.258315 0.733197 0.028966 0.022490
0 0.262396 0.772454 0.030808 0.022885
0 0.268979 0.808952 0.025542 0.021702
0 0.269770 0.827890 0.027121 0.014599
0 0.159798 0.349556 0.015360 0.039182
0 0.171227 0.343529 0.012984 0.038084
0 0.216852 0.361886 0.034378 0.017262
0 0.218315 0.377915 0.035476 0.019727
0 0.182930 0.342295 0.015178 0.040552
0 0.024571 0.392574 0.032367 0.046855
0 0.078607 0.415590 0.034379 0.021099
0 0.077329 0.429428 0.035469 0.015892
0 0.076137 0.442168 0.034196 0.020550
0 0.070560 0.505598 0.042427 0.118365
0 0.037760 0.537162 0.081531 0.038807
